100 12
1 2 3 4 5 6 7 8 9 10 11 12 
19 1 6 7 8 9 14 15 16 18 21 24 25 27 28 29 30 33 37 38 
18 1 2 4 5 10 14 16 17 18 19 21 22 25 26 30 34 35 36 
17 1 2 6 9 10 11 13 14 15 17 18 22 23 26 27 30 32 
19 1 5 8 11 13 14 15 18 19 24 25 27 29 30 31 32 33 35 37 
12 1 2 3 4 6 8 12 16 19 21 22 23 
14 1 2 3 4 5 8 9 10 16 17 21 26 27 28 
11 2 3 4 11 13 14 16 17 19 21 22 
12 2 4 6 7 9 11 12 13 17 18 19 24 
16 2 3 4 6 7 10 11 13 16 20 22 24 26 29 30 31 
13 2 4 8 11 12 13 14 15 17 18 21 22 23 
10 1 5 6 9 10 11 13 15 16 20 
15 1 2 5 6 8 11 12 17 19 20 22 24 26 28 30 
