000000000000000000000000000000000000000000000000000000000000100
000000000000000000000000000000000000000000000000000000000000110
000000000000000000000000000000000000000000000000000000000000010

000000000000000000000000000000000000000000000000000000000000000
000000000000000000000000000000000000000000000000000000000000011
000000000000000000000000000000000000000000000000000000000000011

000000000000000000000000000000000000000000000000000000000001001
000000000000000000000000000000000000000000000000000000000000110
000000000000000000000000000000000000000000000000000000000001111

000000000000000000000000000000000000000000000000000000001011100
000000000000000000000000000000000000000000000000000000100000000
000000000000000000000000000000000000000000000000000000101011100

000000000000000000000000000000000000000000000000000000010100101
000000000000000000000000000000000000000000000000000001101000111
000000000000000000000000000000000000000000000000000001111100010

000000000000000000000000000000000000000000000000000000000000001
000000000000000000000000000000000000000000000000000000000001110
000000000000000000000000000000000000000000000000000000000001111

000000000000000000000000000000000000000000000000000000000000010
000000000000000000000000000000000000000000000000000000000000111
000000000000000000000000000000000000000000000000000000000000101

000000000000000000000000000000000000000000000010111100100100101
000000000000000000000000000000000000000000000001000011000110111
000000000000000000000000000000000000000000000011111111100010010

000000000000011000010000110110001011010111000110110110000101010
000001111101111110010010011101000111101010110100110100110000110
000001111101100110000010101011001100111101110010000010110101100

000101000110100001100101110001100110010101101010101010010111100
000110010111000110110011001001100000111001110101010101000010011
000011010001100111010110111000000110101100011111111111010101111

